1713
0 1
1 2
3 3
4 1
5 1
6 2
7 1
8 2
9 3
10 3
13 1
14 1
15 3
16 3
17 3
18 1
19 2
20 2
21 1
22 2
24 3
27 2
29 2
30 3
31 3
37 3
39 3
40 1
41 2
42 3
43 2
45 2
46 2
47 2
48 1
50 2
52 3
53 1
54 2
55 1
56 3
57 3
59 1
60 2
61 1
62 2
63 2
64 1
65 1
66 1
67 3
69 1
72 3
73 3
77 1
78 1
79 3
81 2
82 1
83 3
84 2
85 3
86 3
87 1
88 3
89 1
90 2
91 1
92 2
93 2
94 2
95 2
96 3
97 1
98 2
99 2
100 1
101 3
102 2
104 2
105 2
106 1
108 1
109 2
110 3
111 3
113 3
114 3
115 2
116 1
117 2
118 2
119 2
120 2
122 3
123 2
124 2
125 1
126 2
127 1
128 2
129 2
130 1
132 2
134 3
135 1
136 1
137 3
138 3
139 1
140 2
141 3
143 2
145 2
146 1
147 3
148 2
149 2
150 1
151 3
152 1
153 3
154 3
155 2
156 3
159 1
160 2
162 3
163 1
165 2
166 3
167 1
168 3
169 3
170 3
171 3
172 1
173 3
175 3
176 1
177 3
178 2
179 3
182 2
183 1
184 2
187 3
189 1
190 1
191 1
192 3
195 2
197 1
199 3
200 2
201 1
202 3
203 3
204 3
205 2
206 1
209 2
210 3
211 3
213 2
215 2
216 1
217 1
218 3
219 3
220 3
221 2
222 1
224 3
225 3
229 2
230 1
231 2
232 2
234 2
235 2
237 3
238 1
239 2
240 3
241 3
242 2
243 2
245 2
247 2
248 1
249 2
250 1
251 3
252 1
254 1
255 1
257 3
258 1
259 1
260 3
261 1
262 2
264 2
266 3
267 1
268 3
269 3
270 1
271 1
272 3
273 2
274 1
276 3
277 2
279 3
280 2
281 3
282 2
284 1
285 1
286 3
287 1
291 3
292 3
294 3
295 2
296 2
299 3
300 3
301 2
305 1
307 3
308 3
309 1
311 1
312 3
313 1
314 2
315 3
316 3
317 1
319 2
320 3
323 2
324 3
325 1
326 2
329 3
330 3
331 3
332 3
333 1
335 2
336 1
338 3
339 3
341 1
342 2
346 3
347 1
348 2
350 2
351 2
352 1
355 1
356 2
357 1
358 3
359 1
360 3
361 2
363 1
364 1
365 3
367 2
368 3
369 1
371 3
372 2
373 2
374 2
375 3
376 2
378 3
379 1
380 2
381 2
382 2
383 1
384 1
385 1
386 3
387 3
389 3
390 3
393 3
394 3
395 2
396 3
397 2
400 3
401 1
402 3
403 1
404 1
405 2
406 3
407 1
408 3
410 3
411 2
412 3
416 1
417 1
418 1
420 1
421 2
424 1
425 2
427 1
428 1
429 2
430 1
431 1
432 2
433 3
434 2
435 1
437 1
438 1
439 3
440 1
441 3
442 3
443 3
444 3
447 2
448 1
449 1
450 3
451 3
452 1
456 3
457 1
458 2
460 2
463 2
464 2
466 2
467 2
468 3
469 3
471 3
472 3
474 2
475 2
476 1
478 3
479 1
480 1
482 1
484 2
490 1
491 3
492 1
493 3
494 1
495 1
496 1
498 2
499 2
500 3
501 2
503 2
506 2
507 3
508 3
509 1
510 3
513 3
514 1
515 1
516 2
517 1
519 1
522 3
523 3
524 1
525 3
526 2
527 1
530 1
531 1
532 1
533 1
534 3
535 3
536 3
537 2
540 3
541 1
542 1
543 2
544 1
545 3
546 1
547 1
549 2
550 2
551 1
552 1
555 2
557 3
559 1
561 2
562 3
563 2
565 1
566 2
567 2
568 3
570 3
571 2
573 1
574 2
575 3
577 3
578 1
579 3
580 1
581 1
582 2
587 3
588 3
589 1
591 2
593 1
596 3
597 2
598 1
600 2
601 1
602 2
604 3
605 3
606 2
607 2
609 1
611 1
612 2
613 2
615 3
616 1
617 1
618 2
619 1
622 3
623 1
624 1
625 2
626 1
627 2
628 3
629 3
631 2
632 2
634 1
635 1
636 1
637 3
638 3
640 3
641 1
642 2
643 1
644 3
646 3
647 3
649 1
650 2
651 3
652 1
653 2
654 1
655 2
657 1
658 2
659 2
662 3
663 2
664 3
665 3
666 3
667 3
668 2
669 3
670 1
672 2
673 1
674 1
675 2
676 1
677 3
678 2
679 3
683 2
688 2
689 3
690 2
691 1
693 3
694 2
695 1
696 2
697 2
699 3
700 2
701 3
702 2
703 1
704 3
707 3
708 1
709 1
711 3
713 2
714 1
715 3
716 3
717 2
719 3
720 1
721 2
722 1
725 3
726 1
727 2
728 1
729 3
731 3
732 1
733 2
734 1
736 3
737 3
738 1
739 3
740 1
741 2
743 2
744 2
745 3
746 1
747 3
748 2
749 3
750 1
751 2
752 1
753 1
754 3
755 3
756 1
757 2
758 3
763 2
765 1
766 1
767 2
769 2
770 1
771 3
773 3
774 2
775 1
776 1
777 3
778 3
780 1
781 3
782 2
783 2
784 1
785 1
788 1
791 3
792 1
793 3
794 3
795 3
796 2
797 3
798 3
799 1
800 1
802 2
803 1
804 2
805 2
807 3
810 2
811 1
812 2
813 2
815 3
816 1
817 3
818 1
819 3
820 1
822 1
823 1
825 3
826 3
827 3
830 2
831 2
832 1
833 1
834 2
835 1
836 2
838 1
839 2
841 2
842 3
844 3
845 2
846 3
849 1
850 1
851 1
852 3
853 2
854 1
855 3
858 1
859 2
861 3
862 2
863 2
864 1
866 2
867 3
868 2
869 2
870 2
871 1
872 2
876 2
877 1
878 2
881 2
882 1
883 2
884 3
886 2
887 1
888 3
889 2
890 3
892 1
893 2
894 3
895 3
896 3
897 1
898 1
899 3
901 2
902 1
904 3
905 3
906 3
907 2
911 3
912 2
914 2
915 2
917 1
918 2
919 2
920 2
921 2
922 2
923 1
924 2
925 2
927 3
928 3
930 2
931 2
932 3
933 1
934 3
935 1
936 1
938 3
939 2
940 2
941 2
942 2
943 1
944 1
951 1
953 1
957 3
958 3
959 1
960 3
963 3
964 2
966 1
967 1
968 1
969 3
972 3
973 3
975 3
976 3
977 2
978 2
979 2
981 3
982 1
984 3
985 3
987 1
988 1
989 3
990 1
991 1
992 2
993 3
995 2
996 3
997 3
998 2
1000 3
1001 3
1002 1
1003 3
1005 3
1006 3
1008 3
1009 2
1010 1
1011 3
1013 2
1014 3
1015 1
1016 3
1018 1
1019 3
1020 1
1021 3
1022 1
1023 1
1024 1
1025 3
1026 1
1029 1
1030 2
1031 3
1032 3
1033 3
1034 3
1036 2
1038 1
1039 2
1040 3
1041 3
1043 2
1044 2
1045 2
1046 2
1047 1
1048 2
1049 1
1050 1
1051 3
1052 1
1053 2
1054 2
1055 3
1056 1
1057 3
1058 1
1059 1
1060 3
1061 2
1062 2
1063 3
1064 2
1065 2
1066 2
1067 1
1068 2
1069 2
1070 1
1073 3
1074 2
1075 3
1076 1
1077 2
1078 3
1079 2
1082 3
1083 3
1086 1
1089 1
1090 3
1091 3
1092 2
1093 1
1095 2
1096 2
1097 3
1098 1
1099 1
1100 3
1102 1
1103 2
1105 1
1106 3
1108 2
1109 1
1110 1
1113 2
1114 3
1116 2
1118 3
1119 2
1120 2
1121 2
1123 3
1124 3
1125 3
1126 3
1127 3
1129 3
1130 3
1131 2
1132 2
1133 3
1134 2
1136 1
1137 1
1140 3
1141 1
1142 1
1143 1
1145 2
1147 1
1148 3
1150 3
1151 3
1152 3
1155 3
1156 2
1157 1
1158 2
1159 3
1160 2
1161 1
1162 2
1163 3
1164 2
1165 3
1166 1
1167 2
1168 1
1170 2
1171 1
1172 3
1173 2
1174 3
1175 3
1176 3
1177 1
1178 1
1180 3
1181 2
1182 1
1183 2
1184 3
1185 1
1187 3
1188 2
1189 1
1190 2
1192 1
1193 3
1194 2
1196 1
1198 1
1200 2
1202 1
1204 1
1205 3
1206 2
1207 1
1208 2
1209 3
1210 2
1211 2
1214 1
1215 1
1216 3
1217 1
1218 3
1219 3
1220 2
1221 3
1222 2
1225 2
1227 1
1228 2
1229 2
1231 2
1232 3
1234 2
1235 1
1236 1
1237 2
1238 3
1239 3
1241 2
1243 2
1245 1
1246 1
1247 1
1249 3
1251 3
1252 2
1253 3
1255 2
1257 2
1258 2
1262 2
1263 3
1264 2
1265 2
1266 1
1267 1
1268 1
1269 3
1273 2
1276 1
1277 3
1278 1
1280 1
1281 1
1282 3
1283 2
1284 3
1285 3
1286 1
1288 2
1289 3
1291 3
1293 1
1296 3
1297 1
1298 1
1299 3
1302 2
1305 1
1306 3
1307 3
1308 2
1309 3
1310 2
1311 2
1312 1
1313 3
1316 1
1317 1
1318 2
1320 3
1321 1
1324 1
1325 3
1326 2
1327 3
1328 2
1330 1
1331 2
1332 2
1333 3
1334 2
1336 1
1338 1
1339 2
1340 2
1341 1
1342 1
1343 3
1344 3
1345 3
1346 1
1347 2
1348 3
1349 1
1350 3
1352 1
1353 3
1354 2
1355 2
1358 1
1359 3
1362 2
1365 2
1367 3
1369 2
1370 1
1371 2
1372 3
1374 3
1375 2
1376 1
1377 1
1378 2
1379 1
1380 2
1381 3
1383 2
1384 3
1385 1
1386 2
1387 3
1388 1
1389 2
1390 3
1391 1
1392 2
1393 1
1397 2
1400 1
1402 1
1405 2
1406 1
1408 3
1410 3
1411 3
1413 2
1414 1
1415 3
1416 1
1417 1
1418 3
1420 3
1421 3
1422 2
1423 2
1425 1
1427 2
1428 1
1429 1
1430 2
1432 3
1434 3
1435 3
1437 3
1438 2
1439 3
1441 2
1443 2
1446 1
1447 1
1449 1
1451 1
1452 1
1453 1
1455 3
1456 1
1457 1
1458 3
1461 1
1464 3
1467 2
1468 3
1469 3
1470 3
1471 1
1474 3
1476 3
1478 3
1479 2
1481 2
1484 1
1487 2
1488 1
1489 2
1490 3
1491 3
1492 1
1493 2
1495 1
1496 3
1497 1
1498 2
1499 3
1502 2
1504 2
1505 2
1507 1
1508 2
1509 1
1511 1
1512 1
1513 2
1515 3
1516 3
1517 2
1518 1
1521 2
1525 2
1526 1
1530 2
1531 3
1532 2
1533 2
1534 1
1535 2
1536 3
1537 2
1538 3
1539 1
1540 3
1541 3
1542 1
1543 2
1545 2
1546 2
1548 3
1549 1
1550 3
1552 3
1553 3
1554 1
1555 3
1556 2
1558 1
1559 1
1560 3
1561 1
1563 2
1564 1
1566 1
1567 2
1568 1
1569 1
1570 1
1573 1
1574 3
1575 1
1576 2
1577 2
1578 2
1579 2
1580 2
1581 1
1583 3
1584 1
1585 1
1586 3
1588 1
1589 3
1590 2
1591 2
1592 3
1593 1
1594 3
1595 1
1596 1
1597 2
1598 3
1600 3
1601 2
1602 2
1604 2
1605 3
1606 3
1607 3
1608 3
1609 2
1611 3
1613 3
1614 1
1615 3
1616 2
1617 3
1618 3
1619 1
1620 2
1621 2
1622 2
1623 3
1624 3
1625 3
1627 2
1629 3
1630 2
1631 2
1632 1
1634 1
1635 3
1636 2
1637 3
1638 3
1639 2
1640 1
1641 1
1643 3
1644 3
1645 3
1646 1
1650 2
1651 2
1652 1
1653 3
1654 1
1655 1
1657 2
1658 2
1659 2
1660 2
1662 3
1663 2
1666 1
1667 3
1668 2
1669 2
1670 1
1671 1
1673 1
1674 3
1676 3
1678 3
1680 1
1681 3
1682 2
1683 2
1684 2
1685 3
1686 1
1687 2
1688 1
1689 3
1690 2
1691 1
1693 3
1694 2
1696 2
1697 2
1698 3
1699 1
1701 1
1702 1
1704 3
1705 1
1707 2
1708 2
1709 1
1711 2
1715 3
1716 3
1717 1
1718 1
1719 2
1721 2
1722 1
1723 2
1724 2
1725 2
1727 3
1728 2
1730 2
1731 3
1733 3
1734 3
1735 1
1736 2
1737 3
1739 1
1742 2
1744 3
1746 3
1747 1
1748 3
1750 2
1751 2
1752 3
1753 2
1754 3
1755 1
1756 3
1757 1
1758 1
1762 2
1764 3
1765 1
1767 3
1768 2
1769 1
1770 2
1771 3
1772 1
1773 2
1774 3
1775 3
1776 2
1777 3
1778 2
1779 3
1781 3
1783 2
1784 3
1785 3
1789 3
1790 3
1791 2
1792 3
1793 3
1794 3
1795 2
1796 1
1797 1
1798 3
1799 1
1800 2
1801 1
1802 2
1804 1
1805 3
1806 3
1807 1
1808 1
1809 3
1810 3
1811 1
1814 2
1815 3
1816 1
1817 2
1818 3
1819 1
1820 2
1821 3
1822 1
1823 1
1824 2
1825 1
1826 2
1827 3
1829 1
1830 3
1831 3
1832 3
1833 2
1834 2
1835 3
1836 1
1838 1
1839 1
1840 1
1841 2
1842 3
1843 1
1844 1
1845 2
1846 2
1847 3
1848 1
1850 3
1851 1
1852 2
1853 3
1855 2
1856 1
1857 2
1858 3
1859 3
1860 3
1861 3
1862 3
1864 1
1865 2
1866 2
1867 3
1871 2
1872 1
1873 2
1874 3
1875 3
1876 1
1877 2
1878 1
1880 2
1881 2
1882 2
1883 3
1884 3
1885 2
1887 3
1890 3
1891 1
1892 2
1893 3
1894 3
1895 1
1897 3
1898 2
1899 1
1900 3
1902 1
1903 2
1904 2
1905 1
1906 1
1909 3
1910 1
1913 2
1914 1
1915 1
1916 2
1917 3
1918 2
1921 2
1922 1
1923 3
1924 3
1925 3
1926 2
1928 1
1929 1
1930 2
1932 1
1933 3
1934 3
1935 1
1937 3
1938 2
1939 2
1941 1
1944 3
1945 3
1946 3
1947 3
1948 2
1949 3
1950 3
1951 3
1952 1
1953 1
1954 1
1955 3
1956 1
1958 2
1959 2
1960 2
1961 2
1962 2
1964 1
1965 3
1966 2
1968 3
1970 3
1971 2
1972 1
1974 3
1975 3
1976 3
1977 3
1978 2
1979 2
1980 3
1982 2
1983 3
1984 1
1985 1
1986 1
1987 1
1990 1
1991 3
1992 2
1993 1
1994 1
1997 2
1998 2
1999 2
2000 2
2001 2
2002 1
2003 3
2004 1
2006 2
2007 2
2009 2
2010 3
2011 1
2012 1
2013 3
2014 1
2015 3
2016 2
2019 2
2020 1
2021 2
2023 3
2024 1
2027 2
2028 2
2029 3
2030 2
2031 1
2032 1
2033 1
2034 2
2035 2
2036 2
2038 1
2039 1
2040 1
2041 2
2042 3
2043 2
2044 1
2045 2
2046 2
2047 1
2048 3
2049 3
2050 2
2051 1
2052 1
2053 3
2055 2
2059 1
2061 3
2062 2
2063 1
2064 2
2067 2
2068 3
2069 1
2070 2
2071 1
2072 3
2073 2
2074 1
2075 3
2076 1
2077 3
2079 1
2082 1
2083 3
2085 2
2086 1
2087 2
2088 3
2089 2
2090 1
2091 3
2092 3
2093 1
2095 2
2098 3
2100 1
2101 3
2104 3
2105 2
2106 1
2108 2
2109 2
2112 1
2113 1
2114 3
2117 2
2118 3
2119 1
2120 2
2121 2
2122 3
2123 1
2125 3
2126 2
2129 1
2130 3
2132 3
2133 1
2134 1
2136 1
2137 2
2138 3
2139 1
2140 1
2141 2
2143 1
2144 3
2145 2
2147 2
2148 1
2149 2
2150 2
2151 1
2152 3
2153 1
2154 1
2155 3
2157 3
2158 3
2160 3
2161 1
2162 2
2163 1
2165 3
2166 1
2167 1
2168 2
2169 2
2170 3
2171 1
2172 1
2173 3
2174 1
2175 1
2176 2
2178 3
2179 1
2180 3
2181 2
2183 3
2184 3
2186 3
2187 2
2189 1
2190 1
2191 2
2193 3
2195 1
2196 3
2197 2
2198 2
2199 1
2200 1
2202 3
2203 3
2204 3
2205 2
2207 3
2209 1
2210 2
2212 3
2213 1
2214 1
2215 3
2216 1
2217 1
2218 2
2220 2
2221 2
2222 2
2223 1
2225 3
2227 2
2228 3
2230 2
2231 3
2232 2
2235 1
2236 3
2238 2
2240 3
2242 2
2244 3
2247 2
2248 1
2249 3
2252 2
2253 2
2255 1
2256 1
2258 3
2259 3
2260 1
2262 3
2263 2
2264 3
2265 1
2266 2
2267 3
2268 3
2269 2
2270 2
2271 3
2272 2
2273 2
2275 3
2276 2
2277 3
2278 1
2279 3
2281 2
2283 3
2286 2
2288 1
2289 2
2290 3
2291 1
2292 2
37
28 1
46 3
66 1
94 3
170 2
322 2
481 3
499 3
549 1
560 1
668 1
795 1
876 3
914 3
980 2
1039 2
1045 1
1111 2
1128 2
1427 1
1483 2
1495 1
1496 3
1544 3
1606 1
1721 1
1914 3
1949 3
1973 1
2000 3
2096 2
2097 2
2163 3
2191 2
2217 3
2252 1
2277 3
37
111 3
140 2
154 3
164 2
329 1
405 1
420 2
485 1
591 1
925 2
946 3
1016 1
1176 1
1178 1
1264 3
1306 1
1318 2
1333 3
1350 3
1376 3
1381 3
1470 3
1474 3
1500 2
1549 3
1661 3
1697 1
1726 2
1760 1
1912 2
1926 2
2020 2
2073 2
2093 1
2159 3
2179 2
2212 3
